Target_PCA_042_LDA_012_GNB
Accuracy: 68.07%
              precision    recall  f1-score   support

           2       0.52      0.64      0.57       346
           3       0.64      0.53      0.58       302
           4       0.51      0.30      0.38       121
           5       0.72      0.71      0.71       146
           6       0.89      0.79      0.84       249
           8       0.94      0.96      0.95       141
          10       0.76      0.57      0.65       391
          11       0.63      0.70      0.66       661
          12       0.39      0.51      0.44       138
          13       0.90      0.93      0.92        59
          14       0.92      0.88      0.90       396
          15       0.31      0.52      0.39        69
          16       0.96      0.96      0.96        28

    accuracy                           0.68      3047
   macro avg       0.70      0.69      0.69      3047
weighted avg       0.70      0.68      0.68      3047

Confusion Matrix:
[[222  15   8   0   0   0  15  49  36   0   0   0   1]
 [ 11 159  11   0   0   0   5  90  26   0   0   0   0]
 [ 29   6  36   7   9   0   5  12  13   1   0   3   0]
 [  1   0   1 104   7   8   0   2   0   0  17   6   0]
 [  1   0   2   0 196   0   0   2   0   2   6  40   0]
 [  0   0   0   5   0 135   0   1   0   0   0   0   0]
 [ 67   5   1   1   0   0 221  91   5   0   0   0   0]
 [ 83  40   3   0   0   0  44 464  27   0   0   0   0]
 [ 13  24   3   0   0   0   2  26  70   0   0   0   0]
 [  0   0   0   0   1   0   0   0   0  55   0   3   0]
 [  0   0   0  19   0   0   0   0   0   0 349  28   0]
 [  0   0   6   9   6   0   0   0   1   3   8  36   0]
 [  1   0   0   0   0   0   0   0   0   0   0   0  27]]
