Target_PCA_020_LDA_012_GNB
Accuracy: 63.08%
              precision    recall  f1-score   support

           2       0.42      0.56      0.48       316
           3       0.55      0.58      0.56       235
           4       0.34      0.18      0.24       130
           5       0.16      0.57      0.25        40
           6       0.87      0.76      0.81       249
           8       0.99      0.93      0.96       152
          10       0.67      0.63      0.65       312
          11       0.72      0.64      0.67       826
          12       0.26      0.32      0.29       144
          13       0.89      0.93      0.91        58
          14       0.93      0.74      0.82       478
          15       0.26      0.38      0.31        79
          16       0.89      0.89      0.89        28

    accuracy                           0.63      3047
   macro avg       0.61      0.62      0.60      3047
weighted avg       0.67      0.63      0.65      3047

Confusion Matrix:
[[178  27  22   1   0   0   4  46  35   0   0   0   3]
 [  9 136   0   0   0   0   6  52  32   0   0   0   0]
 [ 33   5  24   8  11   0  11  24  13   1   0   0   0]
 [  1   0   0  23   2   2   0   2   0   0   3   7   0]
 [  1   0   9   0 190   0   0   2   0   6   4  37   0]
 [  0   0   0   6   0 141   0   1   0   0   0   4   0]
 [ 48   5   0   0   0   0 196  52  11   0   0   0   0]
 [135  57   8   0   0   0  58 527  41   0   0   0   0]
 [ 23  19   8   0   0   0  17  31  46   0   0   0   0]
 [  0   0   0   0   0   0   0   0   0  54   0   4   0]
 [  0   0   0  95   0   0   0   0   0   0 352  31   0]
 [  0   0   0  12  16   0   0   0   0   0  21  30   0]
 [  0   0   0   0   0   0   0   0   0   0   0   3  25]]
