Target_PCA_020_LogR
Accuracy: 70.04%
              precision    recall  f1-score   support

           2       0.62      0.62      0.62       427
           3       0.50      0.62      0.55       202
           4       0.30      0.45      0.36        47
           5       0.59      0.86      0.70        99
           6       0.93      0.79      0.85       258
           8       0.99      0.99      0.99       143
          10       0.57      0.66      0.61       253
          11       0.78      0.66      0.71       873
          12       0.38      0.47      0.42       144
          13       0.89      0.86      0.87        63
          14       0.95      0.82      0.88       443
          15       0.35      0.60      0.45        68
          16       0.93      0.96      0.95        27

    accuracy                           0.70      3047
   macro avg       0.68      0.72      0.69      3047
weighted avg       0.73      0.70      0.71      3047

