Target_PCA_042_LDA_012_LogR
Accuracy: 74.43%
              precision    recall  f1-score   support

           2       0.68      0.65      0.66       452
           3       0.59      0.69      0.63       212
           4       0.51      0.55      0.53        65
           5       0.78      0.89      0.83       127
           6       0.95      0.81      0.87       256
           8       0.99      1.00      1.00       142
          10       0.66      0.68      0.67       285
          11       0.77      0.69      0.73       813
          12       0.46      0.63      0.53       128
          13       0.98      0.98      0.98        61
          14       0.95      0.88      0.91       410
          15       0.40      0.68      0.50        68
          16       0.96      0.96      0.96        28

    accuracy                           0.74      3047
   macro avg       0.74      0.78      0.75      3047
weighted avg       0.76      0.74      0.75      3047

Confusion Matrix:
[[292  14  13   1   1   0  21  73  37   0   0   0   0]
 [  4 146   6   0   0   0   4  42  10   0   0   0   0]
 [  9   5  36   2   2   0   2   1   8   0   0   0   0]
 [  0   0   0 113   2   1   0   1   0   0   6   4   0]
 [  1   0   8   3 207   0   0   2   0   0   5  30   0]
 [  0   0   0   0   0 142   0   0   0   0   0   0   0]
 [ 30   7   3   1   0   0 194  46   4   0   0   0   0]
 [ 82  50   5   1   1   0  71 564  38   1   0   0   0]
 [ 10  27   0   1   0   0   0   7  81   0   0   2   0]
 [  0   0   0   0   1   0   0   0   0  60   0   0   0]
 [  0   0   0  15   1   0   0   0   0   0 360  34   0]
 [  0   0   0   8   4   0   0   0   0   0   9  46   1]
 [  0   0   0   0   0   0   0   1   0   0   0   0  27]]
