Target_PCA_020_LDA_010_LogR
Accuracy: 67.87%
              precision    recall  f1-score   support

           2       0.54      0.60      0.57       388
           3       0.48      0.59      0.53       202
           4       0.45      0.48      0.47        66
           5       0.58      0.79      0.67       106
           6       0.92      0.80      0.86       251
           8       1.00      0.99      1.00       144
          10       0.57      0.63      0.60       264
          11       0.76      0.61      0.68       917
          12       0.31      0.47      0.38       119
          13       0.90      0.92      0.91        60
          14       0.94      0.83      0.88       432
          15       0.32      0.54      0.40        68
          16       0.93      0.87      0.90        30

    accuracy                           0.68      3047
   macro avg       0.67      0.70      0.68      3047
weighted avg       0.71      0.68      0.69      3047

