Target_PCA_020_LDA_012_LogR
Accuracy: 69.74%
              precision    recall  f1-score   support

           2       0.61      0.60      0.61       441
           3       0.51      0.61      0.56       207
           4       0.45      0.51      0.48        63
           5       0.60      0.80      0.69       109
           6       0.93      0.84      0.89       242
           8       1.00      0.99      1.00       144
          10       0.56      0.66      0.61       250
          11       0.74      0.64      0.69       858
          12       0.37      0.48      0.42       135
          13       1.00      0.95      0.98        64
          14       0.94      0.83      0.88       434
          15       0.40      0.63      0.49        73
          16       0.93      0.96      0.95        27

    accuracy                           0.70      3047
   macro avg       0.70      0.73      0.71      3047
weighted avg       0.72      0.70      0.70      3047

Confusion Matrix:
[[263  24  13   1   0   0  23  81  36   0   0   0   0]
 [ 11 127   1   0   0   0   5  50  13   0   0   0   0]
 [ 10   6  32   3   2   0   2   3   5   0   0   0   0]
 [  1   0   0  87   2   0   0   1   0   0   9   9   0]
 [  1   0   8   1 204   0   0   3   0   0   2  23   0]
 [  0   0   0   0   0 143   0   1   0   0   0   0   0]
 [ 24  15   4   1   0   0 164  35   6   0   0   0   1]
 [100  53   9   1   4   0  90 548  53   0   0   0   0]
 [ 18  24   4   2   0   0   8  14  65   0   0   0   0]
 [  0   0   0   0   0   0   0   0   0  61   0   3   0]
 [  0   0   0  39   1   0   0   0   0   0 359  35   0]
 [  0   0   0  10   6   0   0   0   0   0  10  46   1]
 [  0   0   0   0   0   0   0   1   0   0   0   0  26]]
