Target_PCA_020_LogR
Accuracy: 70.50%
              precision    recall  f1-score   support

           2       0.61      0.62      0.61       422
           3       0.49      0.63      0.55       195
           4       0.38      0.48      0.43        56
           5       0.60      0.88      0.71        99
           6       0.94      0.80      0.86       255
           8       1.00      0.99      1.00       144
          10       0.59      0.64      0.62       270
          11       0.79      0.66      0.72       880
          12       0.36      0.50      0.42       127
          13       0.90      0.90      0.90        61
          14       0.95      0.81      0.88       443
          15       0.34      0.59      0.43        68
          16       0.96      1.00      0.98        27

    accuracy                           0.70      3047
   macro avg       0.69      0.73      0.70      3047
weighted avg       0.74      0.70      0.71      3047

Confusion Matrix:
[[261  18  18   1   0   0  27  60  37   0   0   0   0]
 [ 12 123   2   0   0   0   4  43  11   0   0   0   0]
 [ 12   3  27   2   2   0   2   2   6   0   0   0   0]
 [  1   0   0  87   2   0   0   2   0   0   6   1   0]
 [  1   0   8   3 205   0   1   1   0   5   2  29   0]
 [  0   0   0   0   0 143   0   1   0   0   0   0   0]
 [ 32  12   3   0   0   0 173  40   8   0   0   1   1]
 [ 89  66   8   1   1   0  80 582  52   1   0   0   0]
 [ 20  27   5   2   0   0   5   4  64   0   0   0   0]
 [  0   0   0   0   0   0   0   0   0  55   0   6   0]
 [  0   0   0  41   1   0   0   1   0   0 361  39   0]
 [  0   0   0   8   8   0   0   1   0   0  11  40   0]
 [  0   0   0   0   0   0   0   0   0   0   0   0  27]]
