Target_PCA_020_GNB
Accuracy: 59.37%
              precision    recall  f1-score   support

           2       0.29      0.48      0.36       261
           3       0.37      0.60      0.46       155
           4       0.51      0.18      0.27       198
           5       0.42      0.56      0.48       109
           6       0.87      0.78      0.82       245
           8       0.99      0.95      0.97       149
          10       0.62      0.44      0.52       410
          11       0.69      0.64      0.67       790
          12       0.29      0.32      0.30       164
          13       0.89      0.86      0.87        63
          14       0.84      0.77      0.81       413
          15       0.21      0.38      0.27        63
          16       0.86      0.89      0.87        27

    accuracy                           0.59      3047
   macro avg       0.60      0.60      0.59      3047
weighted avg       0.63      0.59      0.60      3047

Confusion Matrix:
[[125  32  13   0   0   0   7  56  26   0   0   0   2]
 [ 13  93   1   1   0   0   6  22  18   0   0   0   1]
 [ 85  14  36   8  14   0   8  16  17   0   0   0   0]
 [  0   0   0  61   3   2   0   1   0   0  37   5   0]
 [  1   0   5   1 190   0   0   1   0   6   2  39   0]
 [  1   0   0   6   0 141   0   1   0   0   0   0   0]
 [ 48  37   8   0   0   0 181  93  43   0   0   0   0]
 [129  56   7   0   0   0  68 508  22   0   0   0   0]
 [ 26  17   1   1   0   0  22  38  52   1   0   5   1]
 [  0   0   0   0   2   0   0   0   0  54   0   7   0]
 [  0   0   0  60   0   0   0   0   0   0 320  33   0]
 [  0   0   0   7  10   0   0   1   0   0  21  24   0]
 [  0   0   0   0   0   0   0   0   0   0   0   3  24]]
