Target_PCA_020_RF
Accuracy: 81.03%
              precision    recall  f1-score   support

           2       0.74      0.73      0.73       430
           3       0.63      0.82      0.71       193
           4       0.39      0.65      0.49        43
           5       0.83      0.95      0.89       126
           6       0.97      0.87      0.92       244
           8       0.99      0.99      0.99       143
          10       0.79      0.81      0.80       283
          11       0.88      0.75      0.81       866
          12       0.56      0.73      0.63       137
          13       0.97      0.97      0.97        61
          14       0.97      0.87      0.92       423
          15       0.52      0.81      0.63        74
          16       0.86      1.00      0.92        24

    accuracy                           0.81      3047
   macro avg       0.78      0.84      0.80      3047
weighted avg       0.83      0.81      0.82      3047

