Target_PCA_020_SVC
Accuracy: 85.49%
              precision    recall  f1-score   support

           2       0.82      0.77      0.79       457
           3       0.75      0.81      0.77       231
           4       0.76      0.77      0.77        70
           5       0.92      0.89      0.90       149
           6       0.95      0.95      0.95       219
           8       0.99      0.99      0.99       143
          10       0.84      0.84      0.84       292
          11       0.84      0.84      0.84       736
          12       0.80      0.82      0.81       175
          13       0.98      0.98      0.98        61
          14       0.96      0.92      0.94       396
          15       0.64      0.82      0.72        90
          16       0.96      0.96      0.96        28

    accuracy                           0.85      3047
   macro avg       0.86      0.87      0.87      3047
weighted avg       0.86      0.85      0.86      3047

