Target_PCA_020_RF
Accuracy: 77.68%
              precision    recall  f1-score   support

           2       0.64      0.68      0.66       406
           3       0.64      0.76      0.70       210
           4       0.32      0.43      0.37        54
           5       0.86      0.91      0.89       137
           6       0.96      0.87      0.91       241
           8       0.99      0.99      0.99       143
          10       0.77      0.75      0.76       300
          11       0.84      0.74      0.79       837
          12       0.51      0.63      0.56       145
          13       0.89      0.92      0.90        59
          14       0.94      0.90      0.92       398
          15       0.53      0.67      0.59        91
          16       0.93      1.00      0.96        26

    accuracy                           0.78      3047
   macro avg       0.76      0.79      0.77      3047
weighted avg       0.79      0.78      0.78      3047

Confusion Matrix:
[[275  19  16   0   0   0  11  51  34   0   0   0   0]
 [ 13 160   7   1   0   0   5  12  12   0   0   0   0]
 [ 12   4  23   2   1   0   0   6   6   0   0   0   0]
 [  0   0   1 125   2   1   0   0   0   0   4   4   0]
 [  1   0   6   3 210   0   2   1   0   0   3  15   0]
 [  0   0   0   0   0 142   0   1   0   0   0   0   0]
 [ 23   6   5   0   0   0 224  37   5   0   0   0   0]
 [ 86  44   6   2   0   0  47 619  30   0   0   2   1]
 [ 18  16   7   0   0   0   3   9  91   0   0   0   1]
 [  0   0   0   0   0   0   0   0   0  54   0   5   0]
 [  0   0   0  10   2   0   0   0   0   0 357  29   0]
 [  0   0   0   2   4   0   0   1   0   7  16  61   0]
 [  0   0   0   0   0   0   0   0   0   0   0   0  26]]
