Target_PCA_042_LDA_012_RF
Accuracy: 82.15%
              precision    recall  f1-score   support

           2       0.74      0.74      0.74       427
           3       0.67      0.82      0.74       206
           4       0.68      0.73      0.70        66
           5       0.86      0.90      0.88       138
           6       0.96      0.89      0.92       237
           8       0.99      0.99      0.99       144
          10       0.78      0.80      0.79       285
          11       0.87      0.80      0.83       804
          12       0.64      0.70      0.67       163
          13       0.97      0.95      0.96        62
          14       0.96      0.90      0.93       407
          15       0.52      0.74      0.61        81
          16       0.96      1.00      0.98        27

    accuracy                           0.82      3047
   macro avg       0.82      0.84      0.83      3047
weighted avg       0.83      0.82      0.82      3047

Confusion Matrix:
[[317   8   9   1   1   0  16  43  31   0   0   0   1]
 [  4 168   3   0   0   0   3  18  10   0   0   0   0]
 [  5   5  48   1   0   0   1   1   5   0   0   0   0]
 [  0   0   0 124   1   1   0   1   0   0   4   7   0]
 [  1   0   4   1 210   0   2   1   0   0   1  17   0]
 [  0   0   0   1   0 142   0   1   0   0   0   0   0]
 [ 24   4   2   0   0   0 229  25   1   0   0   0   0]
 [ 64  41   2   0   0   0  39 640  16   1   0   1   0]
 [ 13  23   3   1   1   0   2   6 114   0   0   0   0]
 [  0   0   0   0   0   0   0   0   0  59   0   3   0]
 [  0   0   0  14   0   0   0   0   0   0 365  28   0]
 [  0   0   0   2   6   0   0   1   1   1  10  60   0]
 [  0   0   0   0   0   0   0   0   0   0   0   0  27]]
