Target_KPCA_020_LDA_012_RF
Accuracy: 80.01%
              precision    recall  f1-score   support

           2       0.69      0.70      0.69       421
           3       0.67      0.79      0.73       214
           4       0.44      0.50      0.47        62
           5       0.82      0.90      0.86       132
           6       0.95      0.87      0.90       239
           8       1.00      0.99      1.00       144
          10       0.79      0.78      0.78       298
          11       0.86      0.79      0.82       804
          12       0.60      0.70      0.65       153
          13       0.97      0.98      0.98        60
          14       0.94      0.88      0.91       404
          15       0.53      0.70      0.60        87
          16       0.96      0.93      0.95        29

    accuracy                           0.80      3047
   macro avg       0.79      0.81      0.79      3047
weighted avg       0.81      0.80      0.80      3047

Confusion Matrix:
[[295  12  18   1   0   0  14  53  28   0   0   0   0]
 [ 11 168   4   0   0   0   4  18   9   0   0   0   0]
 [ 10   6  31   3   0   0   2   4   6   0   0   0   0]
 [  0   0   0 119   1   0   1   0   0   0   6   5   0]
 [  1   0   5   1 207   0   1   1   0   1   2  20   0]
 [  0   0   0   0   0 143   0   1   0   0   0   0   0]
 [ 28   5   3   0   1   0 231  22   8   0   0   0   0]
 [ 66  42   4   1   1   0  36 634  19   1   0   0   0]
 [ 17  16   6   0   0   0   3   3 107   0   0   0   1]
 [  0   0   0   0   0   0   0   0   0  59   0   1   0]
 [  0   0   0  19   2   0   0   0   0   0 356  27   0]
 [  0   0   0   1   7   0   0   1   1   0  16  61   0]
 [  0   0   0   0   0   0   0   0   0   0   0   2  27]]
