Target_PCA_020_LDA_010_RF
Accuracy: 79.68%
              precision    recall  f1-score   support

           2       0.69      0.70      0.69       424
           3       0.68      0.77      0.72       220
           4       0.46      0.52      0.49        63
           5       0.79      0.89      0.84       129
           6       0.95      0.87      0.91       239
           8       1.00      0.98      0.99       146
          10       0.78      0.78      0.78       293
          11       0.85      0.79      0.82       797
          12       0.60      0.68      0.63       156
          13       0.98      0.97      0.98        62
          14       0.94      0.88      0.91       407
          15       0.49      0.68      0.57        84
          16       0.96      1.00      0.98        27

    accuracy                           0.80      3047
   macro avg       0.78      0.81      0.79      3047
weighted avg       0.81      0.80      0.80      3047

