Target_PCA_020_RF
Accuracy: 77.75%
              precision    recall  f1-score   support

           2       0.63      0.68      0.66       395
           3       0.64      0.77      0.70       207
           4       0.35      0.43      0.39        58
           5       0.88      0.91      0.89       139
           6       0.95      0.86      0.91       242
           8       0.99      0.99      0.99       143
          10       0.76      0.74      0.75       300
          11       0.85      0.74      0.79       843
          12       0.53      0.64      0.58       146
          13       0.89      0.92      0.90        59
          14       0.93      0.90      0.91       396
          15       0.52      0.65      0.57        93
          16       0.93      1.00      0.96        26

    accuracy                           0.78      3047
   macro avg       0.76      0.79      0.77      3047
weighted avg       0.79      0.78      0.78      3047

