Target_PCA_020_LDA_012_SVC
Accuracy: 82.08%
              precision    recall  f1-score   support

           2       0.72      0.72      0.72       425
           3       0.66      0.83      0.74       197
           4       0.58      0.65      0.61        63
           5       0.89      0.90      0.90       143
           6       0.95      0.92      0.93       226
           8       0.99      0.99      0.99       142
          10       0.82      0.82      0.82       291
          11       0.86      0.80      0.83       790
          12       0.72      0.67      0.69       192
          13       0.98      0.98      0.98        61
          14       0.95      0.89      0.92       409
          15       0.53      0.78      0.63        80
          16       0.96      0.96      0.96        28

    accuracy                           0.82      3047
   macro avg       0.82      0.84      0.82      3047
weighted avg       0.83      0.82      0.82      3047

Confusion Matrix:
[[308   9  10   0   0   0  16  58  24   0   0   0   0]
 [  6 164   4   0   0   0   4  10   7   1   0   1   0]
 [  4   7  41   1   0   0   4   1   5   0   0   0   0]
 [  0   0   1 129   0   2   0   0   0   0   8   3   0]
 [  1   0   1   0 207   0   0   1   0   0   3  13   0]
 [  0   0   0   0   0 141   0   1   0   0   0   0   0]
 [ 26   3   2   0   0   0 238  20   2   0   0   0   0]
 [ 70  41   4   2   2   0  24 634  11   0   0   2   0]
 [ 13  25   8   1   0   0   6  10 128   0   0   0   1]
 [  0   0   0   0   0   0   0   0   0  60   0   1   0]
 [  0   0   0  11   2   0   0   0   0   0 362  34   0]
 [  0   0   0   1   8   0   0   1   1   0   7  62   0]
 [  0   0   0   0   0   0   0   1   0   0   0   0  27]]
