Target_PCA_020_LDA_010_SVC
Accuracy: 81.88%
              precision    recall  f1-score   support

           2       0.71      0.76      0.73       400
           3       0.67      0.83      0.74       200
           4       0.58      0.61      0.59        67
           5       0.83      0.90      0.86       135
           6       0.94      0.92      0.93       224
           8       0.99      1.00      0.99       141
          10       0.81      0.79      0.80       297
          11       0.87      0.80      0.83       808
          12       0.69      0.66      0.68       186
          13       0.97      0.98      0.98        60
          14       0.96      0.88      0.91       416
          15       0.57      0.78      0.66        85
          16       0.96      0.96      0.96        28

    accuracy                           0.82      3047
   macro avg       0.81      0.84      0.82      3047
weighted avg       0.83      0.82      0.82      3047

Confusion Matrix:
[[302   7  12   0   1   0  10  49  19   0   0   0   0]
 [  7 166   5   0   0   0   3   8  11   0   0   0   0]
 [  3   9  41   1   0   0   4   2   7   0   0   0   0]
 [  0   0   1 121   1   2   0   1   0   0   7   2   0]
 [  1   0   1   2 206   0   0   1   0   0   2  11   0]
 [  0   0   0   0   0 141   0   0   0   0   0   0   0]
 [ 31   1   1   0   0   0 236  24   4   0   0   0   0]
 [ 67  45   4   2   1   0  31 643  12   1   0   2   0]
 [ 17  21   6   2   1   0   8   7 123   0   0   0   1]
 [  0   0   0   0   0   0   0   0   0  59   0   1   0]
 [  0   0   0  16   2   0   0   0   0   0 364  34   0]
 [  0   0   0   1   7   0   0   1   2   1   7  66   0]
 [  0   0   0   0   0   0   0   1   0   0   0   0  27]]
