Target_PCA_042_LDA_012_SVC
Accuracy: 82.93%
              precision    recall  f1-score   support

           2       0.76      0.76      0.76       426
           3       0.67      0.81      0.73       207
           4       0.72      0.73      0.72        70
           5       0.89      0.91      0.90       141
           6       0.95      0.92      0.93       226
           8       1.00      0.99      1.00       144
          10       0.82      0.76      0.79       317
          11       0.84      0.82      0.83       754
          12       0.72      0.71      0.72       180
          13       0.98      0.98      0.98        61
          14       0.96      0.89      0.92       407
          15       0.57      0.77      0.65        86
          16       0.96      0.96      0.96        28

    accuracy                           0.83      3047
   macro avg       0.83      0.85      0.84      3047
weighted avg       0.84      0.83      0.83      3047

Confusion Matrix:
[[324   9   6   2   1   0  13  50  21   0   0   0   0]
 [  6 167   6   0   0   0   3  14  11   0   0   0   0]
 [  2   9  51   1   0   0   2   0   5   0   0   0   0]
 [  0   0   0 129   2   0   1   1   1   0   4   3   0]
 [  1   0   1   0 208   0   1   0   0   0   3  12   0]
 [  0   0   0   0   0 143   0   1   0   0   0   0   0]
 [ 31   2   2   1   0   0 240  39   2   0   0   0   0]
 [ 49  40   1   0   1   0  30 621  10   1   0   1   0]
 [ 15  22   3   1   0   0   2   8 128   0   0   0   1]
 [  0   0   0   0   0   0   0   0   0  60   0   1   0]
 [  0   0   0  10   1   0   0   0   0   0 363  33   0]
 [  0   0   1   1   6   0   0   2   0   0  10  66   0]
 [  0   0   0   0   0   0   0   1   0   0   0   0  27]]
