Target_PCA_020_SVC
Accuracy: 83.30%
              precision    recall  f1-score   support

           2       0.75      0.76      0.75       425
           3       0.71      0.83      0.77       214
           4       0.62      0.65      0.63        68
           5       0.89      0.90      0.90       143
           6       0.94      0.91      0.93       226
           8       0.99      0.99      0.99       142
          10       0.81      0.79      0.80       300
          11       0.87      0.82      0.84       785
          12       0.70      0.74      0.72       169
          13       0.98      0.97      0.98        62
          14       0.96      0.90      0.93       404
          15       0.56      0.79      0.66        82
          16       0.96      1.00      0.98        27

    accuracy                           0.83      3047
   macro avg       0.83      0.85      0.84      3047
weighted avg       0.84      0.83      0.84      3047

